"date","city_num","pm25"
"20161101.tif",1,10.606580186187
"20161101.tif",2,12.5521838881753
"20161101.tif",3,13.0775607712415
"20161101.tif",4,9.57467946849886
"20161101.tif",5,10.9395210218627
"20161101.tif",6,14.0906104962688
"20161101.tif",7,8.0813696405162
"20161101.tif",8,11.5790774372208
"20161101.tif",9,3.34580008221454
"20161101.tif",10,3.76915381769094
"20161101.tif",11,3.46840471184772
"20161101.tif",12,4.42804830458205
"20161101.tif",13,7.60710521420436
"20161101.tif",14,7.90145740155821
"20161101.tif",15,7.96905173273648
"20161101.tif",16,7.12555392641221
"20161101.tif",17,6.14157047254514
"20161101.tif",18,9.91829758265923
"20161101.tif",19,13.5731788743531
"20161101.tif",20,8.57151970186749
"20161101.tif",21,9.75628022681502
"20161101.tif",22,4.60912552300621
"20161101.tif",23,8.20903303135525
"20161101.tif",24,5.88720164837698
"20161101.tif",25,4.3323365956417
"20161101.tif",26,8.20585262669926
"20161101.tif",27,10.5733186485421
"20161101.tif",28,13.2347732288081
"20161101.tif",29,7.2106381382261
"20161101.tif",30,15.5856003803119
"20161101.tif",31,5.77062490774327
"20161101.tif",32,4.65878053472823
"20161101.tif",33,5.19968528627851
"20161101.tif",34,8.02844185643382
"20161101.tif",35,8.59442830390119
"20161101.tif",36,7.15225913339875
"20161102.tif",1,9.48792411083997
"20161102.tif",2,13.2709851225546
"20161102.tif",3,14.779834829058
"20161102.tif",4,13.1606713982879
"20161102.tif",5,13.4763714129499
"20161102.tif",6,11.4446271628388
"20161102.tif",7,10.337843622332
"20161102.tif",8,13.1783147107166
"20161102.tif",9,2.43776052115393
"20161102.tif",10,3.40236466902274
"20161102.tif",11,3.21553601959477
"20161102.tif",12,3.75859334105152
"20161102.tif",13,6.56288008191692
"20161102.tif",14,5.83061190887734
"20161102.tif",15,6.07598143036849
"20161102.tif",16,5.33808803210293
"20161102.tif",17,4.93266354829396
"20161102.tif",18,8.46998052144873
"20161102.tif",19,10.0451311856899
"20161102.tif",20,7.49214805461265
"20161102.tif",21,8.22985518068299
"20161102.tif",22,5.03868319313316
"20161102.tif",23,7.61817707889008
"20161102.tif",24,5.4763238739269
"20161102.tif",25,4.59435409742364
"20161102.tif",26,7.07011209546992
"20161102.tif",27,7.87422695730486
"20161102.tif",28,15.0621977046253
"20161102.tif",29,6.01143450737
"20161102.tif",30,11.5506788596772
"20161102.tif",31,5.37365575691149
"20161102.tif",32,5.15345666388504
"20161102.tif",33,5.65034661831716
"20161102.tif",34,6.71347720901687
"20161102.tif",35,7.29914190819923
"20161102.tif",36,6.6075257128895
"20161103.tif",1,10.6294243167545
"20161103.tif",2,13.8844337384563
"20161103.tif",3,12.0358659783188
"20161103.tif",4,10.7248040848091
"20161103.tif",5,11.6078504625692
"20161103.tif",6,12.5394294636309
"20161103.tif",7,7.47169894576073
"20161103.tif",8,11.3287208357968
"20161103.tif",9,3.33565576594384
"20161103.tif",10,3.18953789212576
"20161103.tif",11,3.83377060527387
"20161103.tif",12,3.2589623988685
"20161103.tif",13,4.97140394217932
"20161103.tif",14,5.06130421338258
"20161103.tif",15,4.41575930905498
"20161103.tif",16,5.84921701981203
"20161103.tif",17,4.47195627112681
"20161103.tif",18,9.65093224213041
"20161103.tif",19,9.46311243965116
"20161103.tif",20,8.59529336400934
"20161103.tif",21,9.20974829591307
"20161103.tif",22,4.87184330601903
"20161103.tif",23,8.49283934903867
"20161103.tif",24,5.88375116890943
"20161103.tif",25,3.38233170079571
"20161103.tif",26,8.09244062204277
"20161103.tif",27,7.38666449652778
"20161103.tif",28,12.708349456632
"20161103.tif",29,6.30601052045822
"20161103.tif",30,12.4885934528552
"20161103.tif",31,5.20522790993744
"20161103.tif",32,5.65725221754122
"20161103.tif",33,6.19954424622667
"20161103.tif",34,7.97389086603602
"20161103.tif",35,8.43314108341298
"20161103.tif",36,4.86546050842398
"20161104.tif",1,5.6065756107267
"20161104.tif",2,8.71888654882258
"20161104.tif",3,5.23831256555051
"20161104.tif",4,6.31795281464936
"20161104.tif",5,7.2410467017241
"20161104.tif",6,4.70305252863356
"20161104.tif",7,6.90471307142921
"20161104.tif",8,5.90532440162567
"20161104.tif",9,3.58852635397286
"20161104.tif",10,2.65786974665559
"20161104.tif",11,3.61005435041759
"20161104.tif",12,3.90661843348358
"20161104.tif",13,7.80660810577336
"20161104.tif",14,8.17610163335447
"20161104.tif",15,6.8379198519233
"20161104.tif",16,8.352259096438
"20161104.tif",17,5.5954345365724
"20161104.tif",18,10.8174044345987
"20161104.tif",19,12.5887317532535
"20161104.tif",20,10.6509697936677
"20161104.tif",21,11.9061581084603
"20161104.tif",22,6.41940298501183
"20161104.tif",23,9.46880179643631
"20161104.tif",24,7.13680908769743
"20161104.tif",25,5.13423382366164
"20161104.tif",26,11.5515465820785
"20161104.tif",27,11.5013242501479
"20161104.tif",28,5.60921059779035
"20161104.tif",29,8.50441620520183
"20161104.tif",30,17.0704486997504
"20161104.tif",31,5.98383984315037
"20161104.tif",32,5.89522818958058
"20161104.tif",33,7.17129219326514
"20161104.tif",34,8.78908700034732
"20161104.tif",35,9.28030931797433
"20161104.tif",36,7.31122731106748
"20161105.tif",1,7.17085590006405
"20161105.tif",2,8.1558241548617
"20161105.tif",3,7.40046714276684
"20161105.tif",4,7.58345503689813
"20161105.tif",5,7.49177630412628
"20161105.tif",6,7.17320541704982
"20161105.tif",7,6.18630321388659
"20161105.tif",8,6.85791591276605
"20161105.tif",9,3.54967632156904
"20161105.tif",10,2.94524728687702
"20161105.tif",11,4.07599944135417
"20161105.tif",12,5.02426578432827
"20161105.tif",13,8.73351333390421
"20161105.tif",14,7.84044548847057
"20161105.tif",15,6.89689591897079
"20161105.tif",16,7.73608626936474
"20161105.tif",17,5.10094353782571
"20161105.tif",18,10.6817270640669
"20161105.tif",19,7.12689051773871
"20161105.tif",20,8.20324761964179
"20161105.tif",21,7.62622704541773
"20161105.tif",22,6.40147228845779
"20161105.tif",23,7.77111477382255
"20161105.tif",24,7.18079150171958
"20161105.tif",25,4.05279225955194
"20161105.tif",26,8.73240390077101
"20161105.tif",27,7.33292915678432
"20161105.tif",28,7.80853947391355
"20161105.tif",29,7.7184167265892
"20161105.tif",30,11.3898018284848
"20161105.tif",31,6.06021720401207
"20161105.tif",32,7.01985273641699
"20161105.tif",33,8.91697372651998
"20161105.tif",34,8.52797520625127
"20161105.tif",35,8.62758862921532
"20161105.tif",36,8.39994645206691
"20161106.tif",1,11.30844657154
"20161106.tif",2,13.9771282298506
"20161106.tif",3,12.5450060669257
"20161106.tif",4,11.2659752603437
"20161106.tif",5,10.8637353176893
"20161106.tif",6,15.5855271008389
"20161106.tif",7,7.80316446449446
"20161106.tif",8,11.3305181978218
"20161106.tif",9,3.51917797717892
"20161106.tif",10,2.89424611266258
"20161106.tif",11,3.54763389540755
"20161106.tif",12,5.19897835941638
"20161106.tif",13,7.04437602633861
"20161106.tif",14,7.14944295529966
"20161106.tif",15,6.37501601923525
"20161106.tif",16,7.38484193112728
"20161106.tif",17,5.45860026803688
"20161106.tif",18,10.3401577226047
"20161106.tif",19,9.50449045464462
"20161106.tif",20,8.19015037852365
"20161106.tif",21,8.27437567890139
"20161106.tif",22,6.31588980774669
"20161106.tif",23,8.00629957516988
"20161106.tif",24,6.13589876765487
"20161106.tif",25,3.21423247648411
"20161106.tif",26,9.07323790862497
"20161106.tif",27,9.17096030406463
"20161106.tif",28,13.4190980321993
"20161106.tif",29,7.37477059534618
"20161106.tif",30,12.273471321976
"20161106.tif",31,6.60242957669778
"20161106.tif",32,7.93678580412344
"20161106.tif",33,9.06365464621508
"20161106.tif",34,9.0354514927059
"20161106.tif",35,8.97562283252148
"20161106.tif",36,7.11637798534548
"20161107.tif",1,9.0762398371558
"20161107.tif",2,9.39525846410389
"20161107.tif",3,9.6453449366044
"20161107.tif",4,9.20194298517509
"20161107.tif",5,9.66143643707655
"20161107.tif",6,9.87767109398014
"20161107.tif",7,8.96260865304781
"20161107.tif",8,9.24052655936245
"20161107.tif",9,3.9730183286745
"20161107.tif",10,1.66267671506591
"20161107.tif",11,4.04427845167077
"20161107.tif",12,4.85537259255425
"20161107.tif",13,8.98307296589239
"20161107.tif",14,9.12682572823984
"20161107.tif",15,8.19060412419388
"20161107.tif",16,9.21499704792552
"20161107.tif",17,6.58276396107588
"20161107.tif",18,10.4413152809801
"20161107.tif",19,10.6587374907914
"20161107.tif",20,7.97901060210692
"20161107.tif",21,7.82096518071971
"20161107.tif",22,5.87473736878704
"20161107.tif",23,6.75821209992423
"20161107.tif",24,6.89639303574502
"20161107.tif",25,4.62988541770902
"20161107.tif",26,10.2076575566182
"20161107.tif",27,8.55302555744464
"20161107.tif",28,9.33486068539503
"20161107.tif",29,10.0125707013266
"20161107.tif",30,13.0068385266421
"20161107.tif",31,7.58537493447889
"20161107.tif",32,7.00241134347034
"20161107.tif",33,7.69328157672323
"20161107.tif",34,8.89833617107177
"20161107.tif",35,8.72693735082099
"20161107.tif",36,8.77823350702265
"20161108.tif",1,8.77084529647194
"20161108.tif",2,10.6271635481149
"20161108.tif",3,9.46821183185188
"20161108.tif",4,9.61997461905245
"20161108.tif",5,8.38237222101679
"20161108.tif",6,10.3299016026426
"20161108.tif",7,7.78674259289451
"20161108.tif",8,9.13170212243934
"20161108.tif",9,3.68305950819469
"20161108.tif",10,2.09262963062451
"20161108.tif",11,3.66813795048258
"20161108.tif",12,4.12096349768719
"20161108.tif",13,5.95515428194359
"20161108.tif",14,5.67767046292623
"20161108.tif",15,5.31976922703724
"20161108.tif",16,5.62815065975607
"20161108.tif",17,4.08319631896725
"20161108.tif",18,8.12062950586451
"20161108.tif",19,5.32068316905259
"20161108.tif",20,5.86086256520168
"20161108.tif",21,6.05220238158577
"20161108.tif",22,4.92394061868682
"20161108.tif",23,6.47034984194871
"20161108.tif",24,7.12099559935566
"20161108.tif",25,2.90552396682199
"20161108.tif",26,6.39007585871536
"20161108.tif",27,6.33575506088061
"20161108.tif",28,10.0985006665796
"20161108.tif",29,5.05946111508778
"20161108.tif",30,8.27209096415001
"20161108.tif",31,3.71154356130715
"20161108.tif",32,6.00408769254925
"20161108.tif",33,6.14008674960755
"20161108.tif",34,6.25552784106432
"20161108.tif",35,6.27498309155728
"20161108.tif",36,5.80408451917866
"20161109.tif",1,9.87873746349604
"20161109.tif",2,15.5211136203167
"20161109.tif",3,13.578459171373
"20161109.tif",4,13.0170178061626
"20161109.tif",5,13.8549843625904
"20161109.tif",6,9.35030702125928
"20161109.tif",7,12.770699952478
"20161109.tif",8,12.2270572348292
"20161109.tif",9,4.03335584040548
"20161109.tif",10,1.40980692863955
"20161109.tif",11,3.57053731213445
"20161109.tif",12,5.11587468244262
"20161109.tif",13,3.77969915920229
"20161109.tif",14,3.86791085137261
"20161109.tif",15,3.16907296519653
"20161109.tif",16,4.70992530262383
"20161109.tif",17,2.52949204298563
"20161109.tif",18,8.59257243625049
"20161109.tif",19,8.88337272952217
"20161109.tif",20,8.03538988409816
"20161109.tif",21,7.1610524018008
"20161109.tif",22,4.84698652300765
"20161109.tif",23,6.4536742531892
"20161109.tif",24,5.97412505010182
"20161109.tif",25,3.04407601320692
"20161109.tif",26,7.8087365331903
"20161109.tif",27,8.68449894994752
"20161109.tif",28,11.9410488857486
"20161109.tif",29,5.13216276424272
"20161109.tif",30,13.1071743044937
"20161109.tif",31,4.10530289841312
"20161109.tif",32,5.95852632081809
"20161109.tif",33,5.86369129703633
"20161109.tif",34,8.04084190971408
"20161109.tif",35,7.85549098481523
"20161109.tif",36,3.75193751782069
"20161110.tif",1,17.1885807543869
"20161110.tif",2,9.44713751737737
"20161110.tif",3,11.2523735318865
"20161110.tif",4,11.1149824173724
"20161110.tif",5,10.3435518138142
"20161110.tif",6,22.5440848563328
"20161110.tif",7,8.73638386363569
"20161110.tif",8,10.7687826577918
"20161110.tif",9,4.33776697369873
"20161110.tif",10,1.28545040686312
"20161110.tif",11,3.85608302639878
"20161110.tif",12,4.71406057123411
"20161110.tif",13,4.55270781801708
"20161110.tif",14,4.81574855203982
"20161110.tif",15,3.91397823091426
"20161110.tif",16,4.56900082626482
"20161110.tif",17,3.05369062501171
"20161110.tif",18,10.4882802593297
"20161110.tif",19,9.34493475501714
"20161110.tif",20,8.7079215951868
"20161110.tif",21,7.763071269021
"20161110.tif",22,6.16587984605747
"20161110.tif",23,7.59377252513712
"20161110.tif",24,7.86425025692545
"20161110.tif",25,4.44165359814791
"20161110.tif",26,9.27319422021376
"20161110.tif",27,10.4373058865213
"20161110.tif",28,13.0383800336016
"20161110.tif",29,4.89367026601519
"20161110.tif",30,11.9827228805475
"20161110.tif",31,4.1136775666552
"20161110.tif",32,8.05812432585644
"20161110.tif",33,7.38553637740003
"20161110.tif",34,9.10476819570962
"20161110.tif",35,8.87607829520043
"20161110.tif",36,4.37980235634695
"20161111.tif",1,15.7040028354439
"20161111.tif",2,35.0013404798902
"20161111.tif",3,13.8255043146562
"20161111.tif",4,18.2462844262358
"20161111.tif",5,20.1426258364159
"20161111.tif",6,30.2792946681503
"20161111.tif",7,22.9863408638083
"20161111.tif",8,13.843593804233
"20161111.tif",9,3.61722745465451
"20161111.tif",10,1.59283691522025
"20161111.tif",11,3.5003676308238
"20161111.tif",12,4.92191109414828
"20161111.tif",13,3.05587320719192
"20161111.tif",14,2.99193700154622
"20161111.tif",15,3.44601613361072
"20161111.tif",16,2.96456764823329
"20161111.tif",17,2.45420342490131
"20161111.tif",18,12.9792064099476
"20161111.tif",19,9.90027939284212
"20161111.tif",20,10.8354850330868
"20161111.tif",21,10.5601157693935
"20161111.tif",22,6.86761611831539
"20161111.tif",23,10.1728853583336
"20161111.tif",24,8.58368438257832
"20161111.tif",25,4.04440617817154
"20161111.tif",26,11.231010723958
"20161111.tif",27,12.9495661442096
"20161111.tif",28,17.3085943431389
"20161111.tif",29,2.20136616953782
"20161111.tif",30,17.5838546585618
"20161111.tif",31,3.46733323570996
"20161111.tif",32,7.95999944310228
"20161111.tif",33,7.48163765743687
"20161111.tif",34,9.57801549259202
"20161111.tif",35,9.53571109771729
"20161111.tif",36,3.07434481976217
"20161112.tif",1,5.46724820532739
"20161112.tif",2,2.95983934550246
"20161112.tif",3,1.38326282647191
"20161112.tif",4,0.463254917962629
"20161112.tif",5,0.91508587959891
"20161112.tif",6,4.69208011055781
"20161112.tif",7,1.4516511808271
"20161112.tif",8,0.494210534665479
"20161112.tif",9,3.74282141200832
"20161112.tif",10,2.15492198202345
"20161112.tif",11,3.0316026462161
"20161112.tif",12,3.92082746604742
"20161112.tif",13,6.23880677436715
"20161112.tif",14,6.44130467132286
"20161112.tif",15,4.71364424489682
"20161112.tif",16,5.52790503258253
"20161112.tif",17,3.99060582512122
"20161112.tif",18,11.68941128665
"20161112.tif",19,9.67928783966464
"20161112.tif",20,7.19470966909383
"20161112.tif",21,7.66578608437588
"20161112.tif",22,6.09955403690829
"20161112.tif",23,8.41874278585116
"20161112.tif",24,6.72403360709984
"20161112.tif",25,5.41145520097708
"20161112.tif",26,8.74565206797777
"20161112.tif",27,11.5734807405716
"20161112.tif",28,2.70398405218512
"20161112.tif",29,5.53144326210022
"20161112.tif",30,11.6604016245457
"20161112.tif",31,4.61114437155458
"20161112.tif",32,6.53997842404021
"20161112.tif",33,7.09972785207517
"20161112.tif",34,8.467851711042
"20161112.tif",35,8.29513306719192
"20161112.tif",36,6.29714396958861
"20161113.tif",1,22.1067314820666
"20161113.tif",2,7.81504330950335
"20161113.tif",3,16.1799735010887
"20161113.tif",4,12.0356539546466
"20161113.tif",5,11.4201723906014
"20161113.tif",6,41.3346093863495
"20161113.tif",7,7.09839650211127
"20161113.tif",8,13.0332739918107
"20161113.tif",9,2.61583520105628
"20161113.tif",10,0.977818818494616
"20161113.tif",11,2.8425524353981
"20161113.tif",12,3.7931621231265
"20161113.tif",13,5.78950595677789
"20161113.tif",14,5.49683971758242
"20161113.tif",15,5.3228762605611
"20161113.tif",16,1.06149106532553
"20161113.tif",17,2.54804077733725
"20161113.tif",18,12.8447370652495
"20161113.tif",19,15.5988083135613
"20161113.tif",20,10.7606488297114
"20161113.tif",21,10.7828244463842
"20161113.tif",22,5.45535539879518
"20161113.tif",23,9.15746688391223
"20161113.tif",24,7.33852835778911
"20161113.tif",25,4.19989387876486
"20161113.tif",26,10.8758042217356
"20161113.tif",27,12.7931582010709
"20161113.tif",28,17.5719038645426
"20161113.tif",29,0.932459190594298
"20161113.tif",30,17.6046594193107
"20161113.tif",31,1.47373675724467
"20161113.tif",32,6.79422777240016
"20161113.tif",33,5.46891833748279
"20161113.tif",34,10.2547480017592
"20161113.tif",35,10.1255134623101
"20161113.tif",36,4.95907147080256
"20161114.tif",1,15.1748490234628
"20161114.tif",2,28.3655725983549
"20161114.tif",3,17.3753458100922
"20161114.tif",4,15.5993596061331
"20161114.tif",5,18.1230441841347
"20161114.tif",6,26.272539958481
"20161114.tif",7,12.6815442956012
"20161114.tif",8,13.8510785964598
"20161114.tif",9,2.58260508932051
"20161114.tif",10,2.55892623746346
"20161114.tif",11,3.03655427046444
"20161114.tif",12,4.29176167411319
"20161114.tif",13,8.73783958491994
"20161114.tif",14,8.38333279998214
"20161114.tif",15,7.53935574394426
"20161114.tif",16,7.5304354855614
"20161114.tif",17,6.92708132069033
"20161114.tif",18,14.6401305815269
"20161114.tif",19,24.0559283593857
"20161114.tif",20,14.6798432131071
"20161114.tif",21,13.6871800960455
"20161114.tif",22,6.39254613746615
"20161114.tif",23,11.2035875482993
"20161114.tif",24,3.25732932629446
"20161114.tif",25,1.7860832004588
"20161114.tif",26,15.0308771808591
"20161114.tif",27,14.4137255799057
"20161114.tif",28,19.5158933701554
"20161114.tif",29,7.69998215777533
"20161114.tif",30,25.5741998103627
"20161114.tif",31,6.61005764048499
"20161114.tif",32,6.59570127775689
"20161114.tif",33,6.07833824197618
"20161114.tif",34,12.0998537922318
"20161114.tif",35,11.9912147440809
"20161114.tif",36,8.44577464142409
"20161115.tif",1,36.4681093089313
"20161115.tif",2,67.382080637719
"20161115.tif",3,68.4732347916584
"20161115.tif",4,81.1880282730353
"20161115.tif",5,76.6607334247763
"20161115.tif",6,67.2434600010391
"20161115.tif",7,76.8662199849668
"20161115.tif",8,54.445458101939
"20161115.tif",9,0.263333858280885
"20161115.tif",10,0.898049546367347
"20161115.tif",11,1.27335506288902
"20161115.tif",12,0.616902224782665
"20161115.tif",13,4.63275519591659
"20161115.tif",14,4.45904820053666
"20161115.tif",15,5.6412075317763
"20161115.tif",16,9.91402378221498
"20161115.tif",17,2.75197288404733
"20161115.tif",18,16.8426394709225
"20161115.tif",19,19.1846986670681
"20161115.tif",20,18.0004414545523
"20161115.tif",21,17.8259721949584
"20161115.tif",22,7.20434606338249
"20161115.tif",23,13.8718788118073
"20161115.tif",24,9.45776665659629
"20161115.tif",25,4.96942256346281
"20161115.tif",26,16.2718683850449
"20161115.tif",27,17.3791827625699
"20161115.tif",28,117.058722922472
"20161115.tif",29,11.2106154748372
"20161115.tif",30,27.1398138999939
"20161115.tif",31,5.63141586826595
"20161115.tif",32,1.62396950356099
"20161115.tif",33,1.04071891781675
"20161115.tif",34,13.6789247834837
"20161115.tif",35,13.6402238967571
"20161115.tif",36,4.49944372282697
"20161116.tif",1,49.4558406924806
"20161116.tif",2,94.6022998715235
"20161116.tif",3,55.8887202048788
"20161116.tif",4,44.8454721951094
"20161116.tif",5,58.2117813711839
"20161116.tif",6,100.941524411036
"20161116.tif",7,51.274789449443
"20161116.tif",8,46.0521374438182
"20161116.tif",9,2.23815314838144
"20161116.tif",10,2.47544005893385
"20161116.tif",11,3.4908762206202
"20161116.tif",12,4.71169401427447
"20161116.tif",13,12.4057384498084
"20161116.tif",14,12.0297496830976
"20161116.tif",15,9.69306831967597
"20161116.tif",16,11.5634506531875
"20161116.tif",17,8.23628278071269
"20161116.tif",18,7.16495204793996
"20161116.tif",19,16.5451196937061
"20161116.tif",20,11.3102165210891
"20161116.tif",21,9.63102162332463
"20161116.tif",22,6.88617214648163
"20161116.tif",23,10.2481948922981
"20161116.tif",24,6.64098512976738
"20161116.tif",25,4.32024735698373
"20161116.tif",26,10.5472149237067
"20161116.tif",27,6.43681568773384
"20161116.tif",28,100.625568762058
"20161116.tif",29,11.5425793204989
"20161116.tif",30,27.3870253060993
"20161116.tif",31,7.65221497429287
"20161116.tif",32,7.03119682864983
"20161116.tif",33,7.20023393830495
"20161116.tif",34,4.74828408290813
"20161116.tif",35,4.30943865167334
"20161116.tif",36,12.610494029478
"20161117.tif",1,10.8273867620967
"20161117.tif",2,25.542128728441
"20161117.tif",3,30.0461582650944
"20161117.tif",4,39.5550865579824
"20161117.tif",5,38.062898042291
"20161117.tif",6,12.94494882891
"20161117.tif",7,38.1266919633617
"20161117.tif",8,34.9645531206246
"20161117.tif",9,0.699308439234241
"20161117.tif",10,1.90712553225918
"20161117.tif",11,1.41302353532418
"20161117.tif",12,1.43133752502627
"20161117.tif",13,7.74527275918135
"20161117.tif",14,7.89328037721139
"20161117.tif",15,4.95174609679802
"20161117.tif",16,8.04700268968178
"20161117.tif",17,6.01239906751722
"20161117.tif",18,12.7610176555042
"20161117.tif",19,14.1188775608113
"20161117.tif",20,12.3580637558086
"20161117.tif",21,11.7462250774068
"20161117.tif",22,3.72471248818671
"20161117.tif",23,10.7201039953665
"20161117.tif",24,6.75634626963149
"20161117.tif",25,6.29930727062307
"20161117.tif",26,12.4970103196338
"20161117.tif",27,12.4829939899282
"20161117.tif",28,36.6244041473885
"20161117.tif",29,8.55991113356182
"20161117.tif",30,20.9048738144992
"20161117.tif",31,6.46164521331951
"20161117.tif",32,3.15620056420815
"20161117.tif",33,2.37313788056872
"20161117.tif",34,11.2824689031163
"20161117.tif",35,11.1031621243091
"20161117.tif",36,7.3941384100826
"20161118.tif",1,18.8260730925437
"20161118.tif",2,28.4073676196012
"20161118.tif",3,24.9373603275844
"20161118.tif",4,29.7401630057663
"20161118.tif",5,34.7422939632938
"20161118.tif",6,26.7870197217327
"20161118.tif",7,29.5657635854638
"20161118.tif",8,24.7616728204321
"20161118.tif",9,2.87188016391191
"20161118.tif",10,1.62090882241971
"20161118.tif",11,2.45567257507988
"20161118.tif",12,4.41235836380619
"20161118.tif",13,6.03482639255808
"20161118.tif",14,7.10006655763697
"20161118.tif",15,6.44958440267962
"20161118.tif",16,4.94584269158161
"20161118.tif",17,6.46396105556282
"20161118.tif",18,11.5745200946413
"20161118.tif",19,10.8934208815795
"20161118.tif",20,9.8245619615993
"20161118.tif",21,9.76608359365535
"20161118.tif",22,4.89044642799041
"20161118.tif",23,7.94386089480285
"20161118.tif",24,4.15247330805248
"20161118.tif",25,3.34634027153637
"20161118.tif",26,9.28308723247157
"20161118.tif",27,9.6715435003623
"20161118.tif",28,25.833492697739
"20161118.tif",29,4.3993747481278
"20161118.tif",30,15.003269074256
"20161118.tif",31,3.03197977970086
"20161118.tif",32,6.75849298869862
"20161118.tif",33,4.66795725802497
"20161118.tif",34,8.59280344934174
"20161118.tif",35,8.22325190889075
"20161118.tif",36,5.96362768679967
"20161119.tif",1,10.0400402259035
"20161119.tif",2,14.4248340740677
"20161119.tif",3,11.7705641765984
"20161119.tif",4,14.2501560938163
"20161119.tif",5,14.5013281319646
"20161119.tif",6,11.6972138743755
"20161119.tif",7,12.3376294576603
"20161119.tif",8,11.7605891936275
"20161119.tif",9,2.36028916303252
"20161119.tif",10,1.76735718180368
"20161119.tif",11,3.46036485226258
"20161119.tif",12,5.12045087147567
"20161119.tif",13,1.72775137513431
"20161119.tif",14,1.82911154164208
"20161119.tif",15,2.0584886076014
"20161119.tif",16,2.13778013948106
"20161119.tif",17,1.66369731116381
"20161119.tif",18,7.14299599672186
"20161119.tif",19,7.30102857231573
"20161119.tif",20,5.76582089147052
"20161119.tif",21,4.89926421283779
"20161119.tif",22,4.7302194754867
"20161119.tif",23,5.36208041373527
"20161119.tif",24,4.55310866323974
"20161119.tif",25,3.2059436865119
"20161119.tif",26,5.02738988083021
"20161119.tif",27,7.01072556748349
"20161119.tif",28,12.0986903857409
"20161119.tif",29,2.15832137678351
"20161119.tif",30,8.90234558833273
"20161119.tif",31,1.70589697731923
"20161119.tif",32,6.48146615308874
"20161119.tif",33,5.24204219335293
"20161119.tif",34,6.10510062139272
"20161119.tif",35,5.8784415305929
"20161119.tif",36,1.80084108954426
"20161120.tif",1,5.5912366447607
"20161120.tif",2,5.61314564302933
"20161120.tif",3,4.78169655313297
"20161120.tif",4,4.5066687347459
"20161120.tif",5,4.83520345569152
"20161120.tif",6,6.89289922753641
"20161120.tif",7,6.18920611454093
"20161120.tif",8,4.75905279749369
"20161120.tif",9,2.17316028109339
"20161120.tif",10,1.72039458523562
"20161120.tif",11,3.80232903439066
"20161120.tif",12,4.87702052168927
"20161120.tif",13,3.1958381542519
"20161120.tif",14,3.74173897195745
"20161120.tif",15,3.68860798470335
"20161120.tif",16,4.45230179633537
"20161120.tif",17,2.96959023053896
"20161120.tif",18,7.60147422963175
"20161120.tif",19,6.18748988438902
"20161120.tif",20,5.38678330021936
"20161120.tif",21,4.80869733928738
"20161120.tif",22,5.10783862059607
"20161120.tif",23,6.14921851907716
"20161120.tif",24,5.63855145665891
"20161120.tif",25,2.94119073904635
"20161120.tif",26,5.08063349681618
"20161120.tif",27,6.57802549997966
"20161120.tif",28,4.06621723349501
"20161120.tif",29,3.74059502141816
"20161120.tif",30,7.82341363764646
"20161120.tif",31,3.03514100003652
"20161120.tif",32,5.4482460232342
"20161120.tif",33,5.31986630112556
"20161120.tif",34,6.08761562207044
"20161120.tif",35,5.9966271643943
"20161120.tif",36,3.22416555925489
"20161121.tif",1,7.76080313757742
"20161121.tif",2,8.71185869224801
"20161121.tif",3,9.77053844685457
"20161121.tif",4,7.45410437662093
"20161121.tif",5,9.07352650116093
"20161121.tif",6,8.89700236990432
"20161121.tif",7,9.69163723976716
"20161121.tif",8,7.72470514458346
"20161121.tif",9,1.51662197977793
"20161121.tif",10,3.05391620780215
"20161121.tif",11,4.38495355015216
"20161121.tif",12,4.9440083311776
"20161121.tif",13,7.32851998129887
"20161121.tif",14,8.53209824738679
"20161121.tif",15,6.74862787536546
"20161121.tif",16,7.91124981511248
"20161121.tif",17,5.79041970765978
"20161121.tif",18,10.0854659327145
"20161121.tif",19,11.2289430001938
"20161121.tif",20,8.55922236394238
"20161121.tif",21,7.97464702362405
"20161121.tif",22,5.48218086887808
"20161121.tif",23,7.97188760927229
"20161121.tif",24,5.26911864021333
"20161121.tif",25,3.30463086586653
"20161121.tif",26,8.18350515745382
"20161121.tif",27,9.85965134139754
"20161121.tif",28,9.60498046875
"20161121.tif",29,8.99080501965114
"20161121.tif",30,14.1627591074559
"20161121.tif",31,6.35855168206497
"20161121.tif",32,4.54141260395531
"20161121.tif",33,4.85494570153528
"20161121.tif",34,8.85688300153394
"20161121.tif",35,9.39082412922636
"20161121.tif",36,7.44117449482429
"20161122.tif",1,10.3159346283719
"20161122.tif",2,11.7484399622137
"20161122.tif",3,12.5604135552231
"20161122.tif",4,10.3224335224902
"20161122.tif",5,9.7096189285215
"20161122.tif",6,12.8378620502377
"20161122.tif",7,7.4889527188695
"20161122.tif",8,12.0318428866835
"20161122.tif",9,2.2297606150635
"20161122.tif",10,2.45863486108956
"20161122.tif",11,4.13209536075592
"20161122.tif",12,5.9462349364313
"20161122.tif",13,9.55151386047477
"20161122.tif",14,10.1393747594621
"20161122.tif",15,8.21673685935588
"20161122.tif",16,10.4693762890614
"20161122.tif",17,8.28592296972172
"20161122.tif",18,11.42402959281
"20161122.tif",19,9.6052940776775
"20161122.tif",20,7.94075903135377
"20161122.tif",21,8.62810299719187
"20161122.tif",22,4.98278744606411
"20161122.tif",23,9.12581553513354
"20161122.tif",24,5.53668389061006
"20161122.tif",25,3.94161505197762
"20161122.tif",26,8.83020990928717
"20161122.tif",27,8.98459427784651
"20161122.tif",28,12.7827959836014
"20161122.tif",29,9.50172762189593
"20161122.tif",30,13.011741458324
"20161122.tif",31,7.07455954735883
"20161122.tif",32,6.44323679779758
"20161122.tif",33,5.8332762099709
"20161122.tif",34,8.89130337826617
"20161122.tif",35,9.06906834054501
"20161122.tif",36,9.50776718463405
"20161123.tif",1,11.1734201502503
"20161123.tif",2,13.8268085077774
"20161123.tif",3,14.0530408586775
"20161123.tif",4,13.3902083420363
"20161123.tif",5,12.3649087644712
"20161123.tif",6,13.7672090215131
"20161123.tif",7,9.65300580470458
"20161123.tif",8,13.084757892961
"20161123.tif",9,2.81291942762547
"20161123.tif",10,0.882781346455032
"20161123.tif",11,3.23717541979707
"20161123.tif",12,5.22339578856856
"20161123.tif",13,8.58227658093865
"20161123.tif",14,8.86325018141005
"20161123.tif",15,8.37113461151622
"20161123.tif",16,7.45510729560017
"20161123.tif",17,7.51279435002847
"20161123.tif",18,9.83984400897191
"20161123.tif",19,9.08759425925376
"20161123.tif",20,7.74278276997644
"20161123.tif",21,8.48536003711528
"20161123.tif",22,5.8433221105267
"20161123.tif",23,8.70574639782761
"20161123.tif",24,5.74755370966061
"20161123.tif",25,4.28440732710351
"20161123.tif",26,8.63406260667649
"20161123.tif",27,9.20790505409241
"20161123.tif",28,14.7013166784271
"20161123.tif",29,7.10711215904781
"20161123.tif",30,12.8848904601315
"20161123.tif",31,6.88260036476692
"20161123.tif",32,7.92248650558856
"20161123.tif",33,7.40221730236229
"20161123.tif",34,9.03172384608876
"20161123.tif",35,8.6634751766286
"20161123.tif",36,8.56080315473775
"20161124.tif",1,9.4306351198695
"20161124.tif",2,12.4693982699686
"20161124.tif",3,11.8114854890473
"20161124.tif",4,12.4395522680439
"20161124.tif",5,10.6629227721345
"20161124.tif",6,10.1049194020673
"20161124.tif",7,7.84776966986449
"20161124.tif",8,12.0034266667194
"20161124.tif",9,2.65262076307516
"20161124.tif",10,0.922997438433147
"20161124.tif",11,2.35889811117364
"20161124.tif",12,4.30467242103512
"20161124.tif",13,10.124867578051
"20161124.tif",14,11.1993146437186
"20161124.tif",15,9.3388141845566
"20161124.tif",16,9.40990998623145
"20161124.tif",17,8.41401527934987
"20161124.tif",18,11.730596669789
"20161124.tif",19,11.6373083247889
"20161124.tif",20,8.81403768787513
"20161124.tif",21,8.7317929931153
"20161124.tif",22,5.41722947446739
"20161124.tif",23,8.84379155708082
"20161124.tif",24,6.09463209686918
"20161124.tif",25,3.30751408898779
"20161124.tif",26,8.98599294645596
"20161124.tif",27,11.8064134141319
"20161124.tif",28,11.714554957258
"20161124.tif",29,10.9534854786737
"20161124.tif",30,14.3765669538264
"20161124.tif",31,8.24097826450168
"20161124.tif",32,5.5800216137862
"20161124.tif",33,4.21587450783622
"20161124.tif",34,9.30231310691668
"20161124.tif",35,9.44699258398502
"20161124.tif",36,10.2335482629023
"20161125.tif",1,9.21640500982767
"20161125.tif",2,12.1290004745988
"20161125.tif",3,11.3768033864547
"20161125.tif",4,11.2551899659829
"20161125.tif",5,10.1999812047017
"20161125.tif",6,10.4246608166655
"20161125.tif",7,7.84244533673577
"20161125.tif",8,12.1243190382379
"20161125.tif",9,2.65177274238868
"20161125.tif",10,1.00327869713184
"20161125.tif",11,2.92206842905801
"20161125.tif",12,5.03438436378867
"20161125.tif",13,8.38432413072728
"20161125.tif",14,7.72029204545198
"20161125.tif",15,7.40531256619622
"20161125.tif",16,6.74111056849904
"20161125.tif",17,7.3293463348912
"20161125.tif",18,11.5002295477637
"20161125.tif",19,9.83792484899796
"20161125.tif",20,7.14240545195502
"20161125.tif",21,7.99052387789676
"20161125.tif",22,5.25451704859734
"20161125.tif",23,8.04942418228496
"20161125.tif",24,5.90841069879891
"20161125.tif",25,3.3111857065827
"20161125.tif",26,8.62369039417368
"20161125.tif",27,9.48705418904622
"20161125.tif",28,11.5258250275278
"20161125.tif",29,8.39155000959124
"20161125.tif",30,13.7287087273179
"20161125.tif",31,7.00430738823608
"20161125.tif",32,6.80125624592565
"20161125.tif",33,5.06547552422001
"20161125.tif",34,9.18022118399154
"20161125.tif",35,9.24382349988247
"20161125.tif",36,8.38808897940435
"20161126.tif",1,7.47631148777562
"20161126.tif",2,8.3114365132387
"20161126.tif",3,7.26335894720895
"20161126.tif",4,7.60405120497844
"20161126.tif",5,7.30482884165657
"20161126.tif",6,5.45107838339057
"20161126.tif",7,7.59633283977923
"20161126.tif",8,6.74783551932339
"20161126.tif",9,2.65249731648164
"20161126.tif",10,3.3609882298811
"20161126.tif",11,3.44131784905558
"20161126.tif",12,5.13347250526234
"20161126.tif",13,9.80522175689242
"20161126.tif",14,11.0286564579716
"20161126.tif",15,8.56138064035403
"20161126.tif",16,7.40710129006936
"20161126.tif",17,7.52679632028518
"20161126.tif",18,10.7826848934437
"20161126.tif",19,9.67640357871243
"20161126.tif",20,7.50834342595693
"20161126.tif",21,6.87262652780777
"20161126.tif",22,4.36423307043665
"20161126.tif",23,7.84716231624285
"20161126.tif",24,6.41568687869914
"20161126.tif",25,3.36398702911041
"20161126.tif",26,8.56013395301009
"20161126.tif",27,9.35646395398001
"20161126.tif",28,7.11279369175919
"20161126.tif",29,7.82553146907261
"20161126.tif",30,12.5528734650528
"20161126.tif",31,7.12387065263265
"20161126.tif",32,6.04097735380926
"20161126.tif",33,4.86621370774433
"20161126.tif",34,9.23828996311535
"20161126.tif",35,8.89531699038566
"20161126.tif",36,9.63959286397674
"20161127.tif",1,8.31941486295328
"20161127.tif",2,11.3305535710548
"20161127.tif",3,11.6672035100509
"20161127.tif",4,9.6408352363305
"20161127.tif",5,9.47023877266532
"20161127.tif",6,9.53064725615761
"20161127.tif",7,7.34404021397881
"20161127.tif",8,10.1344116279878
"20161127.tif",9,1.89787377856794
"20161127.tif",10,4.31796810999819
"20161127.tif",11,4.05588008839151
"20161127.tif",12,5.15982882148128
"20161127.tif",13,11.2769749235751
"20161127.tif",14,11.9484634964554
"20161127.tif",15,10.8018685446845
"20161127.tif",16,10.7497223798376
"20161127.tif",17,9.31849486905315
"20161127.tif",18,9.30276238918304
"20161127.tif",19,9.88121590968303
"20161127.tif",20,7.34797364151156
"20161127.tif",21,8.64629863527484
"20161127.tif",22,4.81884109097369
"20161127.tif",23,8.30186419775992
"20161127.tif",24,6.07065220158469
"20161127.tif",25,3.52814011410071
"20161127.tif",26,8.39022187849062
"20161127.tif",27,9.39869330887102
"20161127.tif",28,10.8395693399073
"20161127.tif",29,11.8191522768566
"20161127.tif",30,12.3789202539544
"20161127.tif",31,8.47803337942377
"20161127.tif",32,4.6115207481785
"20161127.tif",33,5.18383402804451
"20161127.tif",34,8.39942784123607
"20161127.tif",35,8.788744869638
"20161127.tif",36,11.2803154097272
"20161128.tif",1,6.52080726920322
"20161128.tif",2,9.15479882886587
"20161128.tif",3,9.15806760398709
"20161128.tif",4,8.2821206206181
"20161128.tif",5,7.82795135410989
"20161128.tif",6,7.83144456295928
"20161128.tif",7,6.18942179187484
"20161128.tif",8,7.99078795996057
"20161128.tif",9,1.4617249503976
"20161128.tif",10,3.67718856521104
"20161128.tif",11,3.80000347935635
"20161128.tif",12,4.07994052414167
"20161128.tif",13,5.9651560196236
"20161128.tif",14,6.78772802529512
"20161128.tif",15,6.18658711240183
"20161128.tif",16,5.33633321567173
"20161128.tif",17,5.13531959788464
"20161128.tif",18,7.60514316065558
"20161128.tif",19,9.50028313715906
"20161128.tif",20,6.04033837608389
"20161128.tif",21,6.61627559375046
"20161128.tif",22,3.47418653154198
"20161128.tif",23,6.53436800295656
"20161128.tif",24,4.22829148061106
"20161128.tif",25,2.9205944896256
"20161128.tif",26,7.0455361699636
"20161128.tif",27,6.79687088982672
"20161128.tif",28,8.8310734682936
"20161128.tif",29,6.17955516236169
"20161128.tif",30,10.909649234069
"20161128.tif",31,5.33913383693654
"20161128.tif",32,4.72156589171466
"20161128.tif",33,4.0072795706314
"20161128.tif",34,7.02163370966395
"20161128.tif",35,7.16176572353282
"20161128.tif",36,6.06129877505707
"20161129.tif",1,3.14903751448477
"20161129.tif",2,5.15973569144887
"20161129.tif",3,4.20417495065806
"20161129.tif",4,3.93895474515977
"20161129.tif",5,4.34234430681126
"20161129.tif",6,4.12913445598823
"20161129.tif",7,4.07594571061756
"20161129.tif",8,4.133018749306
"20161129.tif",9,1.69450969065799
"20161129.tif",10,0.311748773534112
"20161129.tif",11,3.76292289080827
"20161129.tif",12,3.91249371989299
"20161129.tif",13,4.54993594315515
"20161129.tif",14,4.49779272344377
"20161129.tif",15,4.52599162447686
"20161129.tif",16,1.30451675401117
"20161129.tif",17,3.61167799910053
"20161129.tif",18,7.48104765291872
"20161129.tif",19,8.84267438030659
"20161129.tif",20,5.85201586178831
"20161129.tif",21,5.58571829293904
"20161129.tif",22,3.91129264235497
"20161129.tif",23,6.7608069538167
"20161129.tif",24,3.80187079497461
"20161129.tif",25,2.56636177265593
"20161129.tif",26,5.62950627360724
"20161129.tif",27,6.82557332006275
"20161129.tif",28,4.23928963944195
"20161129.tif",29,1.89359597052847
"20161129.tif",30,11.5536690678513
"20161129.tif",31,3.58085319770764
"20161129.tif",32,6.54663006598208
"20161129.tif",33,4.24033301594866
"20161129.tif",34,5.84934492441483
"20161129.tif",35,5.7959544252842
"20161129.tif",36,4.75592224800279
"20161130.tif",1,5.64437094565744
"20161130.tif",2,6.77569284320863
"20161130.tif",3,5.45935301099505
"20161130.tif",4,5.58695592059464
"20161130.tif",5,5.86089006400207
"20161130.tif",6,6.60452545575859
"20161130.tif",7,5.30937443453333
"20161130.tif",8,5.34078054926003
"20161130.tif",9,1.88321852513024
"20161130.tif",10,1.7137968798969
"20161130.tif",11,3.26752720941668
"20161130.tif",12,4.68549144672135
"20161130.tif",13,3.34669947268358
"20161130.tif",14,3.25403760627464
"20161130.tif",15,3.33042985765763
"20161130.tif",16,2.92752225381615
"20161130.tif",17,3.22336215361791
"20161130.tif",18,6.86803643662354
"20161130.tif",19,6.71180919580585
"20161130.tif",20,5.53815055739235
"20161130.tif",21,5.07900760944625
"20161130.tif",22,5.46636661317419
"20161130.tif",23,1.47323645267523
"20161130.tif",24,0.754886228793834
"20161130.tif",25,2.91249322481933
"20161130.tif",26,4.96629648398509
"20161130.tif",27,6.80559302599002
"20161130.tif",28,5.78282163782818
"20161130.tif",29,3.05282373854092
"20161130.tif",30,8.54523860780816
"20161130.tif",31,2.87122531766032
"20161130.tif",32,7.6124782582291
"20161130.tif",33,5.39424836685468
"20161130.tif",34,5.97492155264982
"20161130.tif",35,5.64024353230253
"20161130.tif",36,3.48337336219985
